gene_name	Chordata	Arthropoda	Echinodermata	Annelida-segmented-worms	Bryozoa	Mollusca	Nematoda	Nemertea-ribbon-worms	Porifera-sponges
ATP6	444	609	684	498	621	475	510	639	600
ATP8	87	84	126	148	91	82	126	157	147
COX1	1140	1455	1551	1532	1527	1455	1471	1533	1326
COX2	589	460	685	639	630	576	561	681	660
COX3	603	721	780	700	768	537	696	779	735
CYTB	854	1041	1138	1048	1056	1006	1015	1134	1032
ND1	732	657	969	874	852	747	825	921	903
ND2	807	798	1035	906	759	672	783	991	951
ND3	207	246	345	330	309	246	306	343	310
ND4	1221	1047	1347	1134	1207	804	1095	1326	1171
ND4L	237	207	288	246	243	216	213	303	267
ND5	1383	1230	1770	1425	1360	1446	1407	1689	1788
ND6	435	315	459	435	444	402	369	446	510